names = list()
times = list()
keys = list()

names.append("HeadPitch")
times.append([0.56, 0.92, 1.44, 2, 2.68, 3.2, 3.76, 4.48, 5.12, 5.8, 6.44, 7.16, 7.8, 8.48, 8.84, 9.16, 9.52, 9.84, 10.12, 10.44, 10.72, 11.12, 11.6, 12.04])
keys.append([[-0.214801, [3, -0.186667, 0], [3, 0.12, 0]], [0.217786, [3, -0.12, 0], [3, 0.173333, 0]], [-0.312978, [3, -0.173333, 0], [3, 0.186667, 0]], [0.205514, [3, -0.186667, 0], [3, 0.226667, 0]], [-0.309909, [3, -0.226667, 0], [3, 0.173333, 0]], [0.185572, [3, -0.173333, 0], [3, 0.186667, 0]], [-0.185656, [3, -0.186667, 0], [3, 0.24, 0]], [0.315962, [3, -0.24, 0], [3, 0.213333, 0]], [-0.242414, [3, -0.213333, 0], [3, 0.226667, 0]], [0.21932, [3, -0.226667, 0], [3, 0.213333, 0]], [-0.34826, [3, -0.213333, 0], [3, 0.24, 0]], [0.236194, [3, -0.24, 0], [3, 0.213333, 0]], [-0.320648, [3, -0.213333, 0], [3, 0.226667, 0]], [0.259876, [3, -0.226667, 0], [3, 0.12, 0]], [-0.392432, [3, -0.12, 0], [3, 0.106667, 0]], [0.0838217, [3, -0.106667, 0], [3, 0.12, 0]], [-0.262063, [3, -0.12, 0], [3, 0.106667, 0]], [0.0659949, [3, -0.106667, 0], [3, 0.0933333, 0]], [-0.209192, [3, -0.0933333, 0], [3, 0.106667, 0]], [0.0795251, [3, -0.106667, 0], [3, 0.0933333, 0]], [-0.0930041, [3, -0.0933333, 0], [3, 0.133333, 0]], [0.201243, [3, -0.133333, 0], [3, 0.16, 0]], [0.153801, [3, -0.16, 0.0474422], [3, 0.146667, -0.0434887]], [-0.177985, [3, -0.146667, 0], [3, 0, 0]]])

names.append("HeadYaw")
times.append([0.56, 0.92, 1.44, 2, 2.68, 3.2, 3.76, 4.48, 5.12, 5.8, 6.44, 7.16, 7.8, 8.48, 8.84, 9.16, 9.52, 9.84, 10.12, 10.44, 10.72, 11.12, 12.04])
keys.append([[-0.0859459, [3, -0.186667, 0], [3, 0.12, 0]], [-0.0798099, [3, -0.12, -0.00251018], [3, 0.173333, 0.00362581]], [-0.067538, [3, -0.173333, 0], [3, 0.186667, 0]], [-0.0966839, [3, -0.186667, 0], [3, 0.226667, 0]], [-0.055266, [3, -0.226667, -0.0124595], [3, 0.173333, 0.00952783]], [-0.030722, [3, -0.173333, -0.00541635], [3, 0.186667, 0.00583299]], [-0.021518, [3, -0.186667, 0], [3, 0.24, 0]], [-0.058334, [3, -0.24, 0], [3, 0.213333, 0]], [-0.019984, [3, -0.213333, 0], [3, 0.226667, 0]], [-0.0445279, [3, -0.226667, 0.00632194], [3, 0.213333, -0.00595006]], [-0.0568, [3, -0.213333, 0.00385005], [3, 0.24, -0.0043313]], [-0.0690719, [3, -0.24, 0.00812117], [3, 0.213333, -0.00721882]], [-0.10282, [3, -0.213333, 0.0203295], [3, 0.226667, -0.0216001]], [-0.194861, [3, -0.226667, 0], [3, 0.12, 0]], [-0.165714, [3, -0.12, -0.0211152], [3, 0.106667, 0.0187691]], [-0.075208, [3, -0.106667, -0.0240627], [3, 0.12, 0.0270706]], [-0.012314, [3, -0.12, -0.0132646], [3, 0.106667, 0.0117907]], [-4.19617e-05, [3, -0.106667, 0], [3, 0.0933333, 0]], [-0.032256, [3, -0.0933333, 0.00668142], [3, 0.106667, -0.0076359]], [-0.0429939, [3, -0.106667, 0.00409068], [3, 0.0933333, -0.00357935]], [-0.055266, [3, -0.0933333, 0], [3, 0.133333, 0]], [0.032172, [3, -0.133333, 0], [3, 0.306667, 0]], [-0.00157596, [3, -0.306667, 0], [3, 0, 0]]])

names.append("HipPitch")
times.append([0.88, 1.4, 1.96, 2.64, 3.16, 3.72, 4.44, 5.08, 5.76, 6.4, 7.12, 7.76, 8.44, 9.8, 11.08, 11.6, 12])
keys.append([[-0.449263, [3, -0.293333, 0], [3, 0.173333, 0]], [-0.179827, [3, -0.173333, 0], [3, 0.186667, 0]], [-0.449263, [3, -0.186667, 0], [3, 0.226667, 0]], [-0.179827, [3, -0.226667, 0], [3, 0.173333, 0]], [-0.449263, [3, -0.173333, 0], [3, 0.186667, 0]], [-0.179827, [3, -0.186667, 0], [3, 0.24, 0]], [-0.341753, [3, -0.24, 0], [3, 0.213333, 0]], [-0.179827, [3, -0.213333, 0], [3, 0.226667, 0]], [-0.261119, [3, -0.226667, 0], [3, 0.213333, 0]], [-0.179827, [3, -0.213333, 0], [3, 0.24, 0]], [-0.261119, [3, -0.24, 0], [3, 0.213333, 0]], [-0.179827, [3, -0.213333, 0], [3, 0.226667, 0]], [-0.261119, [3, -0.226667, 0], [3, 0.453333, 0]], [-0.179827, [3, -0.453333, 0], [3, 0.426667, 0]], [-0.449263, [3, -0.426667, 0], [3, 0.173333, 0]], [-0.179827, [3, -0.173333, -0.0761699], [3, 0.133333, 0.0585923]], [-0.044977, [3, -0.133333, 0], [3, 0, 0]]])

names.append("HipRoll")
times.append([0.88, 1.4, 1.96, 2.64, 3.16, 3.72, 4.44, 5.08, 5.76, 6.4, 7.12, 7.76, 8.44, 9.8, 11.08, 11.6, 12])
keys.append([[0, [3, -0.293333, 0], [3, 0.173333, 0]], [0, [3, -0.173333, 0], [3, 0.186667, 0]], [0, [3, -0.186667, 0], [3, 0.226667, 0]], [0, [3, -0.226667, 0], [3, 0.173333, 0]], [0, [3, -0.173333, 0], [3, 0.186667, 0]], [0, [3, -0.186667, 0], [3, 0.24, 0]], [0, [3, -0.24, 0], [3, 0.213333, 0]], [0, [3, -0.213333, 0], [3, 0.226667, 0]], [0, [3, -0.226667, 0], [3, 0.213333, 0]], [0, [3, -0.213333, 0], [3, 0.24, 0]], [0, [3, -0.24, 0], [3, 0.213333, 0]], [0, [3, -0.213333, 0], [3, 0.226667, 0]], [0, [3, -0.226667, 0], [3, 0.453333, 0]], [0, [3, -0.453333, 0], [3, 0.426667, 0]], [0, [3, -0.426667, 0], [3, 0.173333, 0]], [0, [3, -0.173333, 0], [3, 0.133333, 0]], [-2.89135e-05, [3, -0.133333, 0], [3, 0, 0]]])

names.append("KneePitch")
times.append([0.88, 1.4, 1.96, 2.64, 3.16, 3.72, 4.44, 5.08, 5.76, 6.4, 7.12, 7.76, 8.44, 9.8, 11.08, 11.6, 12])
keys.append([[0.245458, [3, -0.293333, 0], [3, 0.173333, 0]], [0.072264, [3, -0.173333, 0], [3, 0.186667, 0]], [0.245458, [3, -0.186667, 0], [3, 0.226667, 0]], [0.072264, [3, -0.226667, 0], [3, 0.173333, 0]], [0.245458, [3, -0.173333, 0], [3, 0.186667, 0]], [0.072264, [3, -0.186667, 0], [3, 0.24, 0]], [0.21858, [3, -0.24, 0], [3, 0.213333, 0]], [0.072264, [3, -0.213333, 0], [3, 0.226667, 0]], [0.164825, [3, -0.226667, 0], [3, 0.213333, 0]], [0.072264, [3, -0.213333, 0], [3, 0.24, 0]], [0.164825, [3, -0.24, 0], [3, 0.213333, 0]], [0.072264, [3, -0.213333, 0], [3, 0.226667, 0]], [0.164825, [3, -0.226667, 0], [3, 0.453333, 0]], [0.072264, [3, -0.453333, 0], [3, 0.426667, 0]], [0.245458, [3, -0.426667, 0], [3, 0.173333, 0]], [0.072264, [3, -0.173333, 0.0483441], [3, 0.133333, -0.0371878]], [-0.0111379, [3, -0.133333, 0], [3, 0, 0]]])

names.append("LElbowRoll")
times.append([0.8, 1.32, 1.88, 2.56, 3.08, 3.64, 4.36, 5, 5.68, 6.32, 7.04, 7.68, 8.36, 9.04, 9.72, 10.32, 11, 11.92])
keys.append([[-0.521518, [3, -0.266667, 0], [3, 0.173333, 0]], [-0.519984, [3, -0.173333, 0], [3, 0.186667, 0]], [-0.631966, [3, -0.186667, 0], [3, 0.226667, 0]], [-0.547595, [3, -0.226667, 0], [3, 0.173333, 0]], [-0.555266, [3, -0.173333, 0.0076707], [3, 0.186667, -0.00826076]], [-0.993989, [3, -0.186667, 0], [3, 0.24, 0]], [-0.984366, [3, -0.24, 0], [3, 0.213333, 0]], [-1.37604, [3, -0.213333, 0], [3, 0.226667, 0]], [-0.699462, [3, -0.226667, 0], [3, 0.213333, 0]], [-1.54623, [3, -0.213333, 0], [3, 0.24, 0]], [-0.506179, [3, -0.24, 0], [3, 0.213333, 0]], [-1.54623, [3, -0.213333, 0], [3, 0.226667, 0]], [-1.0216, [3, -0.226667, 0], [3, 0.226667, 0]], [-1.15199, [3, -0.226667, 0.0301686], [3, 0.226667, -0.0301686]], [-1.20261, [3, -0.226667, 0], [3, 0.2, 0]], [-0.937231, [3, -0.2, 0], [3, 0.226667, 0]], [-1.25784, [3, -0.226667, 0], [3, 0.306667, 0]], [-0.590548, [3, -0.306667, 0], [3, 0, 0]]])

names.append("LElbowYaw")
times.append([0.8, 1.32, 1.88, 2.56, 3.08, 3.64, 4.36, 5, 5.68, 6.32, 7.04, 7.68, 8.36, 9.04, 9.72, 10.32, 11, 11.92])
keys.append([[-1.54171, [3, -0.266667, 0], [3, 0.173333, 0]], [-1.71505, [3, -0.173333, 0.0403768], [3, 0.186667, -0.0434827]], [-1.79329, [3, -0.186667, 0.0157028], [3, 0.226667, -0.0190676]], [-1.81937, [3, -0.226667, 0], [3, 0.173333, 0]], [-1.66443, [3, -0.173333, -0.154935], [3, 0.186667, 0.166853]], [-0.799361, [3, -0.186667, 0], [3, 0.24, 0]], [-0.86982, [3, -0.24, 0], [3, 0.213333, 0]], [-0.447886, [3, -0.213333, 0], [3, 0.226667, 0]], [-0.589097, [3, -0.226667, 0.141211], [3, 0.213333, -0.132905]], [-1.39752, [3, -0.213333, 0], [3, 0.24, 0]], [-0.490923, [3, -0.24, 0], [3, 0.213333, 0]], [-1.39752, [3, -0.213333, 0], [3, 0.226667, 0]], [-1.16128, [3, -0.226667, -0.0761889], [3, 0.226667, 0.0761889]], [-0.940383, [3, -0.226667, -0.00613486], [3, 0.226667, 0.00613486]], [-0.934249, [3, -0.226667, -0.00613486], [3, 0.2, 0.00541311]], [-0.903567, [3, -0.2, -0.0222911], [3, 0.226667, 0.0252633]], [-0.791585, [3, -0.226667, 0], [3, 0.306667, 0]], [-1.2165, [3, -0.306667, 0], [3, 0, 0]]])

names.append("LHand")
times.append([0.8, 1.32, 2.56, 3.64, 4.36, 5, 5.68, 6.32, 7.04, 7.68, 8.36, 9.04, 9.72, 11, 11.92])
keys.append([[0.230571, [3, -0.266667, 0], [3, 0.173333, 0]], [0.230935, [3, -0.173333, 0], [3, 0.413333, 0]], [0.230935, [3, -0.413333, 0], [3, 0.36, 0]], [0.224389, [3, -0.36, 0], [3, 0.24, 0]], [0.618182, [3, -0.24, 0], [3, 0.213333, 0]], [0.45, [3, -0.213333, 0], [3, 0.226667, 0]], [0.83, [3, -0.226667, 0], [3, 0.213333, 0]], [0.43, [3, -0.213333, 0], [3, 0.24, 0]], [0.91, [3, -0.24, 0], [3, 0.213333, 0]], [0.51, [3, -0.213333, 0], [3, 0.226667, 0]], [0.688387, [3, -0.226667, -0.010813], [3, 0.226667, 0.010813]], [0.6992, [3, -0.226667, 0], [3, 0.226667, 0]], [0.6992, [3, -0.226667, 0], [3, 0.426667, 0]], [0.684, [3, -0.426667, 0.0152], [3, 0.306667, -0.010925]], [0.232025, [3, -0.306667, 0], [3, 0, 0]]])

names.append("LShoulderPitch")
times.append([0.8, 1.32, 1.88, 2.56, 3.08, 3.64, 4.36, 5, 5.68, 6.32, 7.04, 7.68, 8.36, 9.04, 9.72, 10.32, 11, 11.92])
keys.append([[1.6981, [3, -0.266667, 0], [3, 0.173333, 0]], [1.69043, [3, -0.173333, 0.00766897], [3, 0.186667, -0.00825889]], [1.57998, [3, -0.186667, 0], [3, 0.226667, 0]], [1.67509, [3, -0.226667, 0], [3, 0.173333, 0]], [1.60759, [3, -0.173333, 0.0674971], [3, 0.186667, -0.0726892]], [0.879646, [3, -0.186667, 0.305199], [3, 0.24, -0.392398]], [-0.485202, [3, -0.24, 0.355547], [3, 0.213333, -0.316041]], [-1.13512, [3, -0.213333, 0], [3, 0.226667, 0]], [-0.719487, [3, -0.226667, -0.124317], [3, 0.213333, 0.117004]], [-0.411154, [3, -0.213333, 0], [3, 0.24, 0]], [-0.955723, [3, -0.24, 0], [3, 0.213333, 0]], [-0.411154, [3, -0.213333, -0.287881], [3, 0.226667, 0.305874]], [0.825541, [3, -0.226667, -0.291716], [3, 0.226667, 0.291716]], [1.33914, [3, -0.226667, -0.099709], [3, 0.226667, 0.099709]], [1.43885, [3, -0.226667, -0.0320541], [3, 0.2, 0.0282831]], [1.52015, [3, -0.2, 0], [3, 0.226667, 0]], [1.37289, [3, -0.226667, 0], [3, 0.306667, 0]], [1.59685, [3, -0.306667, 0], [3, 0, 0]]])

names.append("LShoulderRoll")
times.append([0.8, 1.32, 1.88, 2.56, 3.08, 3.64, 4.36, 5, 5.68, 6.32, 7.04, 7.68, 8.36, 9.04, 9.72, 10.32, 11, 11.92])
keys.append([[0.171766, [3, -0.266667, 0], [3, 0.173333, 0]], [0.174835, [3, -0.173333, 0], [3, 0.186667, 0]], [0.11961, [3, -0.186667, 0], [3, 0.226667, 0]], [0.122678, [3, -0.226667, 0], [3, 0.173333, 0]], [0.11194, [3, -0.173333, 0], [3, 0.186667, 0]], [0.457276, [3, -0.186667, 0], [3, 0.24, 0]], [0.26529, [3, -0.24, 0], [3, 0.213333, 0]], [1.01555, [3, -0.213333, 0], [3, 0.226667, 0]], [0.423342, [3, -0.226667, 0], [3, 0.213333, 0]], [1.12438, [3, -0.213333, 0], [3, 0.24, 0]], [0.193243, [3, -0.24, 0], [3, 0.213333, 0]], [1.12438, [3, -0.213333, 0], [3, 0.226667, 0]], [0.368118, [3, -0.226667, 0], [3, 0.226667, 0]], [0.412605, [3, -0.226667, -0.00306829], [3, 0.226667, 0.00306829]], [0.415673, [3, -0.226667, 0], [3, 0.2, 0]], [0.363515, [3, -0.2, 0], [3, 0.226667, 0]], [0.412605, [3, -0.226667, 0], [3, 0.306667, 0]], [0.174835, [3, -0.306667, 0], [3, 0, 0]]])

names.append("LWristYaw")
times.append([0.8, 1.32, 2.56, 3.64, 4.36, 5, 5.68, 7.04, 8.36, 9.04, 9.72, 11, 11.92])
keys.append([[0.095066, [3, -0.266667, 0], [3, 0.173333, 0]], [0.0966, [3, -0.173333, 0], [3, 0.413333, 0]], [0.095066, [3, -0.413333, 0], [3, 0.36, 0]], [0.221657, [3, -0.36, -0.0961785], [3, 0.24, 0.064119]], [0.575959, [3, -0.24, 0], [3, 0.213333, 0]], [0.138102, [3, -0.213333, 0], [3, 0.226667, 0]], [0.314159, [3, -0.226667, -0.00243561], [3, 0.453333, 0.00487122]], [0.31903, [3, -0.453333, 0], [3, 0.44, 0]], [0.282215, [3, -0.44, 0.036816], [3, 0.226667, -0.0189658]], [-0.276162, [3, -0.226667, 0], [3, 0.226667, 0]], [-0.188724, [3, -0.226667, -0.0368995], [3, 0.426667, 0.0694578]], [0.0429101, [3, -0.426667, -0.0592032], [3, 0.306667, 0.0425523]], [0.116542, [3, -0.306667, 0], [3, 0, 0]]])

names.append("RElbowRoll")
times.append([0.84, 1.36, 1.92, 2.6, 3.12, 3.68, 4.4, 5.04, 5.72, 6.36, 7.08, 7.72, 8.4, 9.08, 9.76, 10.36, 11.04, 11.96])
keys.append([[0.994073, [3, -0.28, 0], [3, 0.173333, 0]], [1.51103, [3, -0.173333, 0], [3, 0.186667, 0]], [0.879025, [3, -0.186667, 0], [3, 0.226667, 0]], [1.56207, [3, -0.226667, 0], [3, 0.173333, 0]], [1.04009, [3, -0.173333, 0], [3, 0.186667, 0]], [1.56207, [3, -0.186667, 0], [3, 0.24, 0]], [0.579894, [3, -0.24, 0], [3, 0.213333, 0]], [1.37604, [3, -0.213333, 0], [3, 0.226667, 0]], [0.607505, [3, -0.226667, 0], [3, 0.213333, 0]], [1.45734, [3, -0.213333, 0], [3, 0.24, 0]], [0.605971, [3, -0.24, 0], [3, 0.213333, 0]], [1.54938, [3, -0.213333, 0], [3, 0.226667, 0]], [0.676537, [3, -0.226667, 0], [3, 0.226667, 0]], [0.89283, [3, -0.226667, -0.0542012], [3, 0.226667, 0.0542012]], [1.00174, [3, -0.226667, 0], [3, 0.2, 0]], [0.797722, [3, -0.2, 0], [3, 0.226667, 0]], [1.1352, [3, -0.226667, 0], [3, 0.306667, 0]], [0.440299, [3, -0.306667, 0], [3, 0, 0]]])

names.append("RElbowYaw")
times.append([0.48, 0.84, 1.36, 1.92, 2.6, 3.12, 3.68, 4.4, 5.04, 5.72, 6.36, 7.08, 7.72, 8.4, 9.08, 9.76, 10.36, 11.04, 11.96])
keys.append([[0.682424, [3, -0.16, 0], [3, 0.12, 0]], [0.179436, [3, -0.12, 0], [3, 0.173333, 0]], [0.547595, [3, -0.173333, 0], [3, 0.186667, 0]], [0.187106, [3, -0.186667, 0], [3, 0.226667, 0]], [0.5568, [3, -0.226667, 0], [3, 0.173333, 0]], [0.323633, [3, -0.173333, 0], [3, 0.186667, 0]], [0.546063, [3, -0.186667, 0], [3, 0.24, 0]], [0.20398, [3, -0.24, 0], [3, 0.213333, 0]], [0.447886, [3, -0.213333, 0], [3, 0.226667, 0]], [0.262272, [3, -0.226667, 0], [3, 0.213333, 0]], [0.671851, [3, -0.213333, 0], [3, 0.24, 0]], [0.357381, [3, -0.24, 0], [3, 0.213333, 0]], [1.62907, [3, -0.213333, 0], [3, 0.226667, 0]], [0.093532, [3, -0.226667, 0], [3, 0.226667, 0]], [0.450955, [3, -0.226667, -0.0153397], [3, 0.226667, 0.0153397]], [0.466294, [3, -0.226667, -0.0111373], [3, 0.2, 0.00982702]], [0.513848, [3, -0.2, -0.0270845], [3, 0.226667, 0.0306958]], [0.639635, [3, -0.226667, -0.0934463], [3, 0.306667, 0.126427]], [1.17347, [3, -0.306667, 0], [3, 0, 0]]])

names.append("RHand")
times.append([0.48, 0.84, 1.36, 1.92, 2.6, 3.12, 3.68, 4.4, 5.04, 5.72, 6.36, 7.08, 7.72, 8.4, 9.08, 9.76, 11.04, 11.96])
keys.append([[0.57, [3, -0.16, 0], [3, 0.12, 0]], [0.745455, [3, -0.12, 0], [3, 0.173333, 0]], [0.26, [3, -0.173333, 0], [3, 0.186667, 0]], [0.82, [3, -0.186667, 0], [3, 0.226667, 0]], [0.514873, [3, -0.226667, 0], [3, 0.173333, 0]], [0.78, [3, -0.173333, 0], [3, 0.186667, 0]], [0.3, [3, -0.186667, 0], [3, 0.24, 0]], [0.81, [3, -0.24, 0], [3, 0.213333, 0]], [0.45, [3, -0.213333, 0], [3, 0.226667, 0]], [0.83, [3, -0.226667, 0], [3, 0.213333, 0]], [0.43, [3, -0.213333, 0], [3, 0.24, 0]], [0.91, [3, -0.24, 0], [3, 0.213333, 0]], [0.51, [3, -0.213333, 0], [3, 0.226667, 0]], [0.514873, [3, -0.226667, -0.00487304], [3, 0.226667, 0.00487304]], [0.6944, [3, -0.226667, -0.0473212], [3, 0.226667, 0.0473212]], [0.7988, [3, -0.226667, 0], [3, 0.426667, 0]], [0.5424, [3, -0.426667, 0.0753635], [3, 0.306667, -0.0541675]], [0.410207, [3, -0.306667, 0], [3, 0, 0]]])

names.append("RShoulderPitch")
times.append([0.84, 1.36, 1.92, 2.6, 3.12, 3.68, 4.4, 5.04, 5.72, 6.36, 7.08, 7.72, 8.4, 9.08, 9.76, 10.36, 11.04, 11.96])
keys.append([[-0.808375, [3, -0.28, 0], [3, 0.173333, 0]], [-1.13052, [3, -0.173333, 0], [3, 0.186667, 0]], [-0.777696, [3, -0.186667, 0], [3, 0.226667, 0]], [-0.780764, [3, -0.226667, 0.00306829], [3, 0.173333, -0.00234634]], [-0.84826, [3, -0.173333, 0.00997193], [3, 0.186667, -0.010739]], [-0.858999, [3, -0.186667, 0.010739], [3, 0.24, -0.0138073]], [-1.12898, [3, -0.24, 0.00690366], [3, 0.213333, -0.00613659]], [-1.13512, [3, -0.213333, 0], [3, 0.226667, 0]], [-0.880473, [3, -0.226667, 0], [3, 0.213333, 0]], [-1.01086, [3, -0.213333, 0], [3, 0.24, 0]], [-0.970981, [3, -0.24, -0.0398826], [3, 0.213333, 0.0354512]], [0.158044, [3, -0.213333, -0.153039], [3, 0.226667, 0.162604]], [0.320648, [3, -0.226667, -0.148798], [3, 0.226667, 0.148798]], [1.05083, [3, -0.226667, -0.111982], [3, 0.226667, 0.111982]], [1.16281, [3, -0.226667, -0.0315111], [3, 0.2, 0.0278039]], [1.22878, [3, -0.2, -0.00812037], [3, 0.226667, 0.00920309]], [1.23798, [3, -0.226667, -0.00920309], [3, 0.306667, 0.0124512]], [1.48342, [3, -0.306667, 0], [3, 0, 0]]])

names.append("RShoulderRoll")
times.append([0.84, 1.36, 1.92, 2.6, 3.12, 3.68, 4.4, 5.04, 5.72, 6.36, 7.08, 7.72, 8.4, 9.08, 9.76, 10.36, 11.04, 11.96])
keys.append([[-0.602903, [3, -0.28, 0], [3, 0.173333, 0]], [-1.28553, [3, -0.173333, 0], [3, 0.186667, 0]], [-0.546147, [3, -0.186667, 0], [3, 0.226667, 0]], [-1.30548, [3, -0.226667, 0], [3, 0.173333, 0]], [-0.527739, [3, -0.173333, 0], [3, 0.186667, 0]], [-1.40365, [3, -0.186667, 0], [3, 0.24, 0]], [-0.230143, [3, -0.24, 0], [3, 0.213333, 0]], [-1.01555, [3, -0.213333, 0], [3, 0.226667, 0]], [-0.38661, [3, -0.226667, 0], [3, 0.213333, 0]], [-1.34843, [3, -0.213333, 0], [3, 0.24, 0]], [-0.326783, [3, -0.24, 0], [3, 0.213333, 0]], [-0.900499, [3, -0.213333, 0], [3, 0.226667, 0]], [-0.205598, [3, -0.226667, 0], [3, 0.226667, 0]], [-0.362067, [3, -0.226667, 0.0350264], [3, 0.226667, -0.0350264]], [-0.415757, [3, -0.226667, 0], [3, 0.2, 0]], [-0.351328, [3, -0.2, 0], [3, 0.226667, 0]], [-0.37127, [3, -0.226667, 0], [3, 0.306667, 0]], [-0.122762, [3, -0.306667, 0], [3, 0, 0]]])

names.append("RWristYaw")
times.append([0.48, 0.84, 1.36, 2.6, 3.68, 5.04, 5.72, 7.08, 8.4, 9.08, 9.76, 11.04, 11.96])
keys.append([[-0.18675, [3, -0.16, 0], [3, 0.12, 0]], [-0.122173, [3, -0.12, -0.00171627], [3, 0.173333, 0.00247906]], [-0.119694, [3, -0.173333, 0], [3, 0.413333, 0]], [-0.119694, [3, -0.413333, 0], [3, 0.36, 0]], [-0.130432, [3, -0.36, 0.00271593], [3, 0.453333, -0.00342006]], [-0.138102, [3, -0.453333, 0.00204533], [3, 0.226667, -0.00102267]], [-0.139636, [3, -0.226667, 0.000852225], [3, 0.453333, -0.00170445]], [-0.145772, [3, -0.453333, 0.00613606], [3, 0.44, -0.00595558]], [-0.22554, [3, -0.44, 0], [3, 0.226667, 0]], [0.662646, [3, -0.226667, 0], [3, 0.226667, 0]], [0.529187, [3, -0.226667, 0.0665255], [3, 0.426667, -0.125224]], [0.0873961, [3, -0.426667, 0], [3, 0.306667, 0]], [0.161028, [3, -0.306667, 0], [3, 0, 0]]])
